0.019999999999954488
0.01
0.1369654085391141
0.01
0.1369654085391141
0.03499957501479926
0.01
0.01
0.012915044639336468
0.029999999999908978
0.019999800003990834
0.01999999999998181
0.1369654085391141
0.027559120666654332
0.01
0.009999999999999998
0.019999999999954488
0.01
0.01
0.019999999999954488
0.019999999999990907
0.024999999999931733
0.0161727826847857
0.019999924999204482
0.019999899997990882
0.01
0.024999399999990908
0.01
0.01
0.009999900001000001
0.1369654085391141
0.1369654085391141
0.00999990000000001
0.024999500012967732
0.01
0.03499957501479926
0.027499750006452016
0.01
0.019999999999954488
0.01
0.01
0.01
0.1369654085391141
0.01
0.01
0.027559120666654332
0.1369654085391141
0.01
0.01
119.18789038809759
0.01
0.0199999999999727
0.01
0.02499915836738914
0.019999633339645193
0.019999633339645193
0.019999700002000013
0.019999999999954488
0.01
0.01999980000199091
0.1369654085391141
0.019999924999204482
0.01
0.01
0.01
0.014999899998977235
0.02749987000126128
0.01
0.019999999999954488
0.01
0.01
0.01
0.01
0.01
0.019999999999954488
0.01
0.009999899999999999
0.009999999999999998
0.019999999999954488
0.019999999999954488
0.019999999999954488
0.019999999999954488
0.019999800003990834
0.01
0.014999700002995428
0.03499957501479926
0.02666606666590607
0.039999599999627114
0.019999999999990907
0.019999999999954488
0.00999990000199996
0.1369654085391141
0.01
0.014999999999977243
0.019999999999990907
0.03499957501479926
0.019999999999954488
0.01
0.01
0.01
0.01999981666979984
0.019999999999954488
0.01
0.01
0.019999999999954488
0.01
0.01
0.01
0.039998399983736097
0.01
0.02749987000126128
0.02666606666590607
0.01
0.01
0.02499999999998636
0.009999900000000003
0.01
0.01
0.01
0.01
0.02749987000126128
0.027559120666654332
0.01
0.0099999
0.1369654085391141
0.1369654085391141
0.019999999999954488
0.0161727826847857
0.02749987000126128
0.009999899999999999
0.027559120666654332
0.019999899997990882
0.019999999999954488
0.01
0.00999990000199996
0.0099999
0.01
0.1369654085391141
0.009999999999999998
0.009999999999999998
0.029999999999972715
0.01999999999998181
0.017499774999984088
0.01
0.014999999999977243
0.010535998548734583
0.019999999999954488
0.009999999999999998
0.027559120666654332
0.01
0.039999599999627114
0.02666606666590607
0.02499999999998636
0.009999900000999989
0.1369654085391141
0.02749987000126128
0.01
0.00999999999999997
0.019999899997990882
0.024999399999990908
0.0199999999999727
0.01
0.019999999999990907
0.022915044639290956
0.01
0.01999999999998181
0.01
0.019999999999954488
0.01
0.1369654085391141
0.021020253660296404
0.03999869998994732
0.014999899998977235
0.014999899998977235
0.019999924999204482
0.009999700012999333
0.01
0.019999924999204482
0.1369654085391141
0.0199999999999727
0.019999999999954488
0.1369654085391141
0.01
0.01999999999998181
0.01
0.01
0.017499774999984088
0.014999899998977235
0.01
0.019999999999954488
0.019999800003990827
0.01
0.01
0.01
0.01
0.019999999999954488
0.01
0.014999700002995428
0.01
0.01
0.02499915836738914
0.01
0.009999899999999999
0.017499774999984088
0.029999400013981506
0.009999800001999983
0.01
0.01
0.01
0.01
0.01
0.00999999999800006
0.00999989999799999
0.01
0.01
0.01
0.01
0.027559120666654332
0.01
0.019999400025989572
0.01
0.01
0.01
0.01
0.01
0.01
0.0199999999999727
0.027559120666654332
0.01
0.01
0.01
0.01
0.01
0.01
0.019999999999954488
0.01
0.01
0.01
0.01
0.01
0.010535998548734583
0.01
0.01
0.01
0.01
0.01
0.01
0.01
0.01
0.01
