0.14124047815365737
0.14024047815365737
0.3363153182499681
0.0
0.0
0.1766987156853695
0.0
0.0
0.0
0.1756987156853695
0.0
0.001
0.0
2.0813986110219336
0.0
2.0803986110219337
0.001
0.44382115335485656
0.1736987156853695
0.1746987156853695
0.07244931496164292
2.4951237429264657
14.458464005129098
0.4217952489236356
0.002
0.0
0.26697071248868576
0.0
1.2753743057041513
0.001
4.296037580351324
0.8951101946010687
0.3433368450805871
0.0
0.0
4.297037580351325
0.4841081190298998
0.0
1.3552743577387305
0.0
0.1428341254135871
1.0422259498149304
0.08823501316348199
0.0
0.0
0.0
0.002
0.0
0.0
0.22282396416398687
0.0951210698711016
1.458666904009591
0.0
2.5859982158914385
0.0
0.6745594435347599
0.0
0.1557000411009549
0.0
0.0
0.48916524683815243
3.183247454415537
0.0
0.0
0.10673191502008605
0.40997564136728176
1.4566669040095912
0.04241143130800307
0.020825928999868293
0.5992067854925334
0.0
0.0
0.8627362600400195
1.7028243294263328
1.4546669040095914
0.27605662031022626
0.5324695408037083
0.4472837687232763
0.18611468665748043
0.8637362600400195
0.2963702119503211
1.2743743057041514
0.0
0.5196638959460653
1.4546669040095914
0.0
1.4596669040095909
0.0
0.0
0.0525214780316251
0.0
0.5216638959460653
0.089235013163482
0.001
0.0
2.5849982158914386
1.789244965451828
0.13952311921088142
0.0
0.0
0.1778924781091901
0.14052311921088143
0.22073194490254816
0.0
0.22173194490254816
0.0
0.3021968584767085
0.0
0.23153227226678053
0.0
1.4556669040095913
0.41097564136728176
0.0
0.5196638959460653
0.40165584371722907
0.0
0.0
0.39501815847043203
0.0
0.0
1.5171672563975103
2.0833986110219334
0.5635578685491098
0.0
0.0
0.0
1.457666904009591
0.0
1.4279787447713148
0.28424322383539036
2.0823986110219335
1.691306771982346
0.10237105982096481
0.10137105982096481
0.0
0.28524322383539036
1.5096178521295658
0.0
0.0
0.5734730314474987
1.0432259498149303
0.28763252195135713
0.7876409748446203
0.0515214780316251
0.4831081190298998
2.5839982158914387
0.001
0.0
0.0
0.5809049964488797
0.0
4.295037580351324
0.12007022715698962
0.0665646764090253
0.0
0.3616672419990931
0.0
0.0
0.0
0.07144931496164292
0.27192270270610097
0.0
0.0
0.14170416004534134
0.0
0.001
0.08723501316348199
0.001
0.0
3.184247454415537
4.294037580351324
0.44482115335485656
0.3606672419990931
0.10773191502008606
0.4169055397337304
0.001
0.0
0.4207952489236356
0.0
0.002
1.4546669040095914
0.5206638959460653
0.1768924781091901
0.001
0.0
0.0
0.001
1.5161672563975104
2.0803986110219337
0.001
0.22525356860226342
0.0
0.0
0.0
0.0
0.001
0.0
0.32134230618689646
2.0803986110219337
0.23053227226678052
0.0
1.1710667297359292
0.0
0.001
0.0
0.0
0.0
1.4546669040095914
0.0
0.0
0.0
0.22425356860226342
0.0
0.0
0.0
0.029393235122907535
0.2583586754395174
0.14270416004534134
0.3596672419990931
0.0
0.0
0.3366129399478345
0.0
0.0
0.0
0.0
0.001
0.0
0.1547000411009549
0.27092270270610097
0.8658783908899306
0.12779891080789052
0.0
0.06456064506304937
0.2953702119503211
0.001
0.13071364567839572
0.5310203593919057
0.08266163490642725
0.0
2.5839982158914387
0.18511468665748043
0.0
0.0
0.26628534719798064
0.0
0.6676372014973249
0.40065584371722907
0.0
1.3728653837274793
