0.9686242152402608
1.3404946198109453
0.17788133033704256
1.6167317813199835
1.6237317813199827
0.3663326872203161
0.001
0.0
0.4525630438724627
1.6167317813199835
1.620731781319983
0.8504122894695705
0.5752192227546734
1.6167317813199835
0.0
0.037981466609323666
1.3819776293814623
1.1104439689695846
1.107443968969585
0.24733698446004315
0.32639520830882707
0.0
1.6167317813199835
0.0
0.028638015093342878
0.0
0.0
1.6177317813199834
1.6167317813199835
0.001
0.8088090586999702
0.0
1.1054439689695852
0.016732337915009998
1.1114439689695845
0.0
0.4830208320938827
0.08621672222555307
0.15134562806700036
0.5304785485921539
0.0
0.001
0.4716279136321998
0.0
0.07770805927905537
0.001
0.0
1.3414946198109452
0.11465129910087293
0.11365129910087293
1.3394946198109454
1.1094439689695847
1.4801237858741396
0.26239146262882124
1.1054439689695852
0.0
0.029897143803238102
0.09050909060367152
0.6157451624570291
0.13987278986781723
0.2522965448010608
0.002
0.029102711237909418
0.0
0.8492664869648715
0.0
4.883952757272203
0.0
0.0
0.0
0.0
1.4791237858741397
0.0
0.0
0.671106431170442
0.7380308274189207
0.14116131321332098
1.41704716493468
0.15626493997710678
1.6197317813199832
0.9605716940302487
0.0
0.0
0.0
0.22190255761228284
0.26683480980742413
0.33615512923266744
0.0
0.554176781008522
0.0
0.04557784696360773
0.32759359747902617
0.0
1.4823497953901383
0.2891120101194129
0.2881120101194129
0.001
0.0
0.0
0.8078090586999702
0.0
0.11390473943080351
0.09150909060367152
0.40300143907624597
2.216327751269516
1.8427081022297251
1.6227317813199829
0.5221903447715894
0.001
0.33954271171934935
1.2497333602384175
1.6187317813199833
0.0
0.0
0.001
1.1044439689695853
1.6167317813199835
0.07870805927905537
0.0
0.15234562806700036
1.6177317813199834
0.4820208320938827
0.26783480980742413
1.106443968969585
0.0
0.0
0.131228788053673
1.2685611380959758
0.26139146262882124
0.0
0.46302301425691356
0.0
0.0
1.400144324043144
0.5742192227546734
0.6778370555323431
0.5314785485921539
0.8585084713685767
1.1084439689695849
0.0
0.2590371423783568
0.2600371423783568
0.22390255761228284
0.0
1.6167317813199835
1.621731781319983
0.0
1.1044439689695853
1.106443968969585
1.107443968969585
0.6815521185838693
1.5408031000029863
0.0
0.0
0.38421127950278466
0.001
0.5135568104256027
0.40400143907624597
1.342494619810945
0.0
0.0
0.8330616458104078
0.6808370555323431
0.0
0.0
0.0
0.0
0.0
0.0
0.0
1.4914961570330783
1.6167317813199835
0.0
0.0
0.0
1.2599094705259566
0.0
0.0
0.6798370555323431
0.0
0.0
0.0
0.0
1.3981443240431441
0.0
0.10300655541864406
0.5145568104256028
0.0
0.7365337933043618
1.6167317813199835
0.7991874766183394
1.1044439689695853
0.0
0.9753495503646106
0.0
1.0972469759848678
1.2206952519953165
1.399144324043144
0.13887278986781723
0.0
0.8320616458104078
0.027638015093342877
0.8958287812724334
1.2334997085819566
0.0
0.7767822143137828
1.4791237858741397
1.3981443240431441
0.28243613390390426
1.1044439689695853
0.8482664869648715
0.5697029885470165
0.0
2.215327751269516
0.0
0.3395223181788515
0.5707029885470165
0.6788370555323431
0.7650560029260722
0.0
0.3609933008412034
0.002
0.047234186696101854
0.4515630438724627
0.0
0.5742192227546734
0.0
1.6167317813199835
0.0
0.0
0.3678635523055377
0.11290473943080351
0.001
0.0
0.0
0.15034562806700036
0.0
0.0
0.670106431170442
0.5396732720048484
0.22290255761228284
0.0
0.0
0.0
0.0
0.0
0.0
0.0
0.10200655541864406
0.0
