0.85299521 -0.11748065 -0.46002629 0.53890676 -0.37431826 -1.38608325 -0.00971970 0.01596208 0.93976409
0.47391404 0.16474091 -0.15059810 -1.36977746 -1.13230071 -0.11081906 1.15890749 0.62649944 0.33943345
-0.30755689 0.08641068 -0.32336186 -0.52789402 0.68339357 -0.54251870 0.22687508 -0.26443088 0.96908302
0.19285777 0.10191837 -0.11522372 0.42849113 -0.20679546 0.33884312 -0.03908341 -1.03131821 0.33031040
0.50127557 -0.39293674 0.08254031 0.49470546 0.47803049 -0.56840158 -0.71269118 -0.07364602 0.19112368
1.15373321 0.66657648 -0.54625152 -1.57716535 0.48125540 -0.75802134 0.05896661 0.60165558 -0.08074905
0.18673502 -0.16728454 0.41569132 0.33625691 -0.16604076 -0.24138586 0.63058787 -0.00210010 -0.99245986
-0.91911041 -0.06447523 -0.39913503 -0.38213592 -0.36790680 -0.67584087 0.90337031 1.12852844 0.77670552
-0.33578476 0.23830597 0.13687251 0.13834589 -0.13166011 -0.17140641 -0.22665926 0.28602559 0.06596056
1.06604833 0.95395128 -0.95492967 -0.97744984 0.79524708 -1.15626995 0.60047141 0.11487978 -0.44194844
-0.83179980 0.55909292 0.05287140 -0.22449967 -0.33597145 0.30168967 0.88726262 -0.05306556 -0.35558013
1.99205587 0.29533911 0.18636164 -0.48189336 0.03146339 -1.16604543 -0.65043603 0.32299011 -0.52983530
-0.01931558 0.10678524 0.53500742 0.09121440 -0.07717056 -0.65449338 -0.01935340 0.11186899 -0.07454311
0.12821155 0.29275358 1.05081844 -1.55182066 -0.34194856 -0.95770475 0.21949187 -0.40387929 1.56407782
-0.14866603 -1.27286936 0.38817680 -0.09788673 0.93964094 0.10799008 0.60094443 -0.61995611 0.10262598
-0.64577847 -0.26377589 -1.66914157 -0.29353578 -0.80598531 -0.24104889 1.16271625 1.39816903 1.35838063
0.13781402 0.51834046 -0.41162706 -0.61726721 0.29049492 -0.94830042 0.11572799 0.68303045 0.23178685
-0.78408088 -0.18931409 0.14923429 -1.11908331 -0.25245163 0.20958647 1.00969702 0.75730813 0.21910400
0.15182554 0.16606096 -0.55477126 -0.01621118 0.20107499 -0.62949988 0.40974148 -0.03062249 0.30240183
1.81498771 1.71072340 0.78761935 -3.07505437 -3.43450754 -3.91767686 2.19829766 2.05994385 1.85566679
-0.02752016 -0.92367530 0.03837973 -0.35093568 1.06279697 -0.38014921 0.50740468 0.04113363 0.03256534
-0.45743076 0.80323331 0.09235787 -0.37844547 0.42447633 1.15227516 -0.82975922 -0.62989954 -0.17680767
-1.27299296 -0.21160507 0.21971648 0.08391862 0.33277794 0.62356638 -0.13857387 -0.07108104 0.43427353
0.49628672 0.75036673 0.05704100 -1.10918237 -2.13031455 -0.92886498 0.74217711 1.43500356 0.68748677
-0.18601813 0.48856675 0.11590383 0.74684787 -0.37760065 -0.04033518 0.51443496 -0.91630778 -0.34549167
-0.13003990 -0.24415713 -0.33271921 0.40337730 -0.23542525 1.27418476 0.00211773 0.33656975 -1.07390805
0.06782132 0.00199629 0.13000357 1.88821729 1.24798597 1.42427831 -1.36902730 -1.68406063 -1.70721482
0.09673015 0.27146110 0.41033840 0.45846833 0.01172597 -0.14998000 -0.05858418 -0.57718947 -0.46297031
0.40445835 0.84810968 0.15257042 -0.66372165 -0.54592668 -1.54648231 0.73681058 0.21314532 0.40103629
0.90066266 0.53953157 0.00589354 -0.68900390 -1.18757858 -1.36093902 0.34513264 0.74889832 0.69740276
1.18502832 1.04478693 0.03872992 -2.69901033 -1.70472258 -0.72138601 0.90232310 0.78938061 1.16487005
-0.99606639 -0.43131051 -1.31591144 -0.33988143 -0.00401928 -0.05592888 1.06890622 0.86512677 1.20908494
-0.07196402 0.35513886 -0.34897900 -0.59117317 -0.97202564 0.36120913 -0.08966668 0.42605770 0.93140282
0.26816514 -0.61401020 0.93934236 0.26902268 0.05080175 -0.73097365 -0.26126824 -0.46785943 0.54677959
0.47554971 0.11468110 -0.55166214 0.43353044 0.20785559 -0.35961486 -0.04062574 -0.06253908 -0.21717504
-0.30996712 -0.67683214 -0.83851622 0.24545782 1.00696451 1.01551006 -1.34630445 0.54133603 0.36235150
-1.14267485 -0.52610255 -0.99599083 -0.69732034 -0.39616442 -0.45011473 1.64346010 0.99637276 1.56853485
0.54225414 0.37390184 0.35100603 -0.41919500 -0.59286767 -0.71707270 0.52970747 0.30269430 -0.37042842
-0.69351411 -1.45789432 -0.83097223 1.18699027 0.30316624 0.42031847 0.53824434 0.19306719 0.34059415
0.77432793 -0.16168697 0.01411617 -0.06138977 -0.32745783 -0.46656673 -0.39235804 0.13960145 0.48141378
0.16563776 -0.22600214 -0.14742654 0.04114700 -0.24553891 -0.21058826 -0.40718401 0.44895336 0.58100175
-0.35962280 -0.40735364 0.38573590 -0.76980463 -1.17349713 0.70092938 1.09461850 0.83001192 -0.30101749
0.02844536 -0.02909229 0.60825207 -0.86445902 -0.69891870 -0.32511626 0.43182818 0.31172503 0.53733564
0.10355960 0.97895258 0.88424279 0.28237500 0.46936885 0.97670373 -1.36004945 -1.22413299 -1.11102011
0.25422428 -0.46825396 0.28295774 -0.63349900 -0.11739644 0.18594179 0.41724532 0.70122585 -0.62244558
-0.33442209 -0.53032323 0.13455034 0.19442109 -0.97929363 -0.65040540 0.59913803 0.82751457 0.73882030
0.64626150 -1.04764346 0.15006104 0.02060997 -0.62698032 0.51728210 -0.41717883 0.38044752 0.37714048
0.70332854 0.20615552 1.00970271 -0.45726107 0.34932824 -0.19949353 -0.25862288 -0.91058621 -0.44255132
0.08667876 0.01937382 0.19103154 -0.67999965 0.19004556 0.06332183 0.31452685 -0.14125143 -0.04372727
-0.50564247 0.73582607 -0.37609158 -0.15582027 -0.31458698 -0.14621741 -0.08479562 -0.05866431 0.90599257
0.70742679 -0.09093371 -0.21997523 -0.50591938 0.07174490 -1.12107629 -0.26778706 0.10867050 1.31784948
0.14783207 -0.25701346 -0.17538018 0.22252253 0.58837034 -1.23687100 -0.27555758 0.51569622 0.47040105
0.61042308 -0.17981066 0.14466435 -0.55341282 -0.97343195 -0.20174979 0.76019453 0.19522077 0.19790250
0.55357258 0.09165466 0.28979084 -0.67502270 0.07301602 0.99636121 -0.47406303 -0.38826417 -0.46704542
0.75438222 0.45541041 -0.14768532 0.10401557 0.21061381 -0.16113047 0.12813271 -0.57239818 -0.77134076
-0.36602967 -0.48838825 -0.20429003 0.62749227 -0.12843519 -0.63103592 0.73195529 0.67515074 -0.21641926
0.83614145 -0.19876098 -0.43506681 -0.08384163 0.60594601 -0.12933431 0.48774113 -0.17781218 -0.90501269
0.13779012 1.25431119 1.32749982 0.68481208 0.97387553 0.12064500 -1.92660636 -1.55887225 -1.01345511
2.63291069 2.15758589 2.38135994 -2.46727072 -1.88951197 -2.70317940 0.26977198 0.14378063 -0.52544704
0.26931580 0.50088666 -0.46627115 0.63576924 -0.42554265 -0.17602691 0.17073787 -0.07556596 -0.43330291
0.28322526 0.61643128 0.20667484 0.57809473 0.58335459 -0.50640275 -0.67749675 -0.29445501 -0.78942620
0.46806344 -0.88176104 -0.18241336 -0.17856022 -0.38945459 1.11289838 -0.03745484 0.11393557 -0.02525334
-1.48516062 -0.54726062 -0.73918408 -0.78164691 -1.59867975 -1.01658125 1.55158376 1.84197198 2.77495749
0.25434257 0.32166394 -0.11838931 0.04940390 -0.37443746 -0.13754174 -0.24510276 0.07512245 0.17493842
0.01428257 -0.22319084 0.07683694 -0.34534724 0.31059216 -0.55480583 0.58450465 0.14973852 -0.01261094
0.17524527 0.18898869 0.12126744 -1.26189740 -1.54192843 -0.85451136 1.10835038 1.20347323 0.86101219
0.49619637 -0.30635741 0.28706320 -0.60587336 0.31323561 0.14991603 0.80414975 -0.26620143 -0.87212876
-1.78199466 -0.33079277 -0.68787279 1.93687397 -0.43342230 0.35278119 -0.16780402 0.73485825 0.37737314
-0.94419178 -0.96324018 -0.31263567 1.46650689 1.60737714 1.18426966 -1.13026660 -0.20744764 -0.70037182
-0.79917529 -0.96557667 0.74496666 -0.04638173 -0.31397115 -0.22828976 -0.04818851 1.12711992 0.52949655
-0.02649934 -0.19511223 -0.03419939 -0.36888123 0.01960963 0.51969081 0.37401704 -0.14171077 -0.14691453
0.03297451 0.28671524 -0.24051006 -0.20952007 0.47457316 -0.18106132 -0.04816501 -0.06365263 -0.05135380
-0.47379311 -0.49398449 -0.29807491 -0.46503020 0.15535383 0.62818940 0.82704634 0.70234759 -0.58205445
0.00382147 -0.44061277 -0.60985713 -0.37838782 -0.36565975 -0.04520708 0.65955571 0.52242304 0.65392432
-0.08968262 -0.18432916 -0.03066042 1.27799271 -0.32884991 0.83664195 -0.16464688 -0.12797155 -1.18849412
0.20635071 -0.06484693 0.06170544 -0.47262716 -0.82455815 -0.24090704 0.79158583 0.56441018 -0.02111286
0.14531173 -0.03985278 -0.70744515 -0.37987903 0.40097332 -0.40480812 0.28559593 0.46968757 0.23041652
0.38307742 0.00859706 -0.84724154 -0.78922050 -0.68252701 -0.22355960 0.70687184 0.36969210 1.07431023
-0.42364320 -0.26556489 -0.28809258 -0.49164119 -0.83228538 -1.47405316 1.38586156 0.55492692 1.83449193
0.60632172 0.20396298 1.10078421 -1.19083365 -1.20570930 -1.56991390 0.47612214 0.50845898 1.07080682
-0.13205959 0.53507283 0.16076594 -0.00631116 -0.07765628 -0.08309354 -0.26116740 0.66417015 -0.79972094
-0.53060182 0.25640826 -0.04328544 -0.07170971 -0.22178199 0.09479891 -0.43707586 -0.05175254 1.00500019
0.12566224 -0.04414865 0.38411308 0.17849955 -0.68126755 1.29899488 -0.03765274 -1.08025579 -0.14394501
0.81189029 -1.68158528 -0.25073044 -0.76259624 0.05713491 -0.00240407 0.13156529 0.25525963 1.44146591
-0.38169475 -0.69546864 -0.11514948 0.43975515 0.22245325 0.43723050 0.85615463 -0.36874671 -0.39453395
-0.04896251 0.43239938 0.08743970 -0.67165861 -0.41166941 0.51556797 0.64015218 -0.00480819 -0.53846051
0.29720755 -0.25082189 0.49697299 -0.22805853 -0.10319996 -0.19142464 -0.22556989 -0.10446663 0.30936099
0.11994978 -0.50228186 0.74816140 0.49723201 -0.38074018 0.80656326 0.08120863 -0.97835381 -0.39173922
0.27360313 -0.91782636 -0.05690938 -0.64972606 -1.08850444 -0.98017098 0.59735075 1.05222816 1.76995518
0.23727057 -0.31912667 0.35819177 -0.41391305 0.29875573 0.67204760 -0.07143308 -0.39196818 -0.36982469
1.08377442 -0.32761375 0.08784234 0.63211460 -0.06784316 -0.08550611 -0.08969992 -0.43612774 -0.79694069
0.19198614 0.26583776 0.95734933 -0.55534692 0.08616270 -0.25378806 -0.83116271 -0.25890747 0.39786924
-1.17112389 0.15627491 0.41728396 -1.60736528 -0.56151333 -0.37161004 1.55833006 0.74272214 0.83700146
1.96392914 2.24730742 2.41754969 -3.93154585 -3.62067014 -4.24807604 1.40936144 1.46945124 2.29269310
-0.62256890 0.46277049 -0.27012510 0.12993216 0.19304406 0.26276430 -1.06551901 0.74857066 0.16113134
-0.06125865 0.27733887 -0.07775118 -0.43332395 -0.54968242 -0.04588198 -0.17907674 0.74116085 0.32847521
-0.19280829 0.32410124 -0.00159623 0.49434431 -0.08270101 0.49841472 -1.08344872 0.05379033 -0.01009636
1.03642142 0.07892520 0.29184495 1.17297887 0.18946063 0.78994289 -1.67163347 -0.60663525 -1.28130524
0.05355642 -0.18800928 0.01909686 0.88663219 -0.21419908 0.18325874 0.37209205 -0.48714319 -0.62528470
0.27233242 0.95804124 -0.40993442 -0.17567359 0.36650561 -0.32350985 -0.41545710 0.15208966 -0.42439398
-0.08695262 -0.55103712 -0.08399317 0.03350859 -0.55539383 -0.10027309 0.15827742 0.26550788 0.92035594
-0.31998677 -0.38671516 0.86066730 0.19214532 0.42140783 -0.58375590 -0.40085268 -0.47507340 0.69216346
-1.47330443 -0.56429561 0.20980852 0.20723546 -0.72643448 -0.66082447 0.78497661 1.03759223 1.18524618
0.36088084 0.34856167 0.33383665 0.05182360 -1.23817370 0.16685873 0.08620716 -0.31701610 0.20702114
1.03724049 1.00577724 -0.02863916 -0.82749768 -0.89215410 -0.59848728 0.17646651 -0.28863925 0.41593323
0.04572760 0.22261437 1.10695269 -1.33181826 0.19645655 -1.13264950 -0.10597312 0.75299888 0.24569080
-0.75350683 -0.20668204 -0.11584220 -0.34507356 1.19625283 0.02007774 -0.11426630 0.72106163 -0.40202128
-0.09235720 1.12831000 0.77956570 0.59843097 0.53501365 -0.48944844 -0.52631084 -1.45327049 -0.47993336
-0.59452073 -0.51667705 0.66039640 -0.07662712 0.40295644 -0.44817627 0.90526583 0.09574604 -0.42836353
-0.01621136 0.57037451 0.08479674 -0.60474544 -0.30326570 0.66082784 -0.40932241 0.50048943 -0.48294361
1.01512203 0.46639346 -0.94954401 -1.49232536 -0.83670952 -0.51236692 1.19242345 0.01367609 1.10333078
0.53373367 -0.41035809 -0.06444965 -0.40607687 -0.36584219 -0.22494205 0.10980408 -0.11815098 0.94628209
-0.17163287 0.31993231 -0.06067547 0.77171758 -0.07819219 -0.75580879 0.37125371 0.17881986 -0.57541414
0.31487321 -0.11802206 0.12980640 -1.19918218 -1.70116676 -0.95422246 1.24697365 0.97345037 1.30748983
0.38652096 -0.17423009 -0.66569184 -0.34247283 -0.21197991 0.77155573 0.51800295 -0.17097246 -0.11073251
0.21464359 -0.45175806 -0.00632582 -1.67058367 -1.35412468 -0.17121719 1.13279946 0.78080808 1.52575829
1.23831622 -0.10878403 -1.28560592 -0.83856059 0.13526144 0.31294625 0.63474514 0.51727305 -0.60559158
0.00150890 -0.57066875 0.36511540 0.13440020 -0.25049688 -0.43887622 0.42310019 0.79835805 -0.46244090
0.33363166 -0.22411522 -0.03793261 -0.32902486 0.12536830 0.62632995 -0.53811837 -0.99902754 1.04288868
0.05105813 -1.32430558 -0.87506023 1.97473956 0.84479120 1.62260714 -1.01183057 -0.74845730 -0.53354236
-0.69067839 0.32910117 -0.60080776 0.18478735 0.22999809 0.75397529 0.05432294 0.33785510 -0.59855379
0.75381382 -0.43703027 0.51862296 -0.67182022 -0.33006677 0.13557340 0.20452662 0.67753567 -0.85115522
0.83796363 -0.32230633 0.85425755 0.70072535 -0.50706093 -1.74056624 0.32786098 -0.43103571 0.28016169
0.15864668 0.57469571 0.28788922 -0.42927393 -0.77581816 -0.17155745 0.55533880 -0.35894284 0.15902197
-0.31442314 0.05504451 -0.66630604 -0.65185817 -0.40641064 0.25092173 0.20655080 0.55712318 0.96935776
-0.11996993 -0.70033041 -0.47309501 -0.55437683 0.27318713 -0.69748208 0.39078120 1.04017133 0.84111461
0.67727865 0.36947895 1.16674363 -1.27914881 -0.86696293 -1.53809035 -0.04043008 0.70715854 0.80397239
-0.19902402 0.39671668 0.36778032 -0.52542607 0.97441741 -0.78378419 0.12931184 -0.19317304 -0.16681892
-0.93378064 0.88547033 0.93463557 -0.68063603 0.75110046 -0.22752967 -1.58368213 -0.27418754 1.12860966
-0.39160175 -0.78934773 -0.13151035 0.70373231 -0.15904907 -0.39815110 0.78776143 0.12820901 0.24995724
2.15786304 2.82008913 2.45937852 -3.76539492 -3.22943457 -3.71457353 1.41645232 0.66917917 1.18644085
-1.38963460 -0.03441617 0.11925722 0.28154713 -1.04625341 -0.08896763 0.27496340 1.20501339 0.67849068
0.85699232 -0.41815542 -0.62010754 0.60539422 0.19840517 -0.36563221 -0.35965401 0.53774884 -0.43499137
-0.71607699 0.66087620 -0.38013467 -0.36127915 -0.33125834 0.65956757 0.74571955 0.36751372 -0.64492789
-0.49906810 0.55119468 1.01644968 -0.27214169 0.55156260 -0.70059120 0.17611240 0.13951414 -0.96303253
0.88143233 0.79153946 -0.26106331 0.18538224 0.24625470 0.43509774 -0.99208829 -0.73445113 -0.55210374
-0.97857377 -0.02921586 0.59172056 -0.08457211 -0.46100902 -1.58307779 0.61350272 1.57576996 0.35545531
0.49791245 0.51646733 -0.00470507 -0.52723430 -0.40062638 -0.16368420 0.57875199 -0.51731641 0.02043457
-0.08039822 0.23946898 -0.45793493 0.93194468 1.83387176 2.20776503 -2.21293995 -1.00951978 -1.45225756
0.64741918 0.16088103 -0.34762797 -0.26249659 0.40981083 1.10437433 -0.99452368 -0.84251469 0.12467756
0.33536910 0.77493048 -0.70684096 0.26729305 -0.42272289 -0.29287636 -0.50175783 0.32758894 0.21901646
-0.38214283 0.17795254 -0.87792350 0.90257713 0.34622463 -0.29228330 -0.67563061 0.80280313 -0.00157719
-0.52767352 -0.20209329 -0.61677111 -0.06105737 -0.20387447 0.45729157 0.87334902 -0.18125852 0.46208769
-1.37897353 0.38398692 0.60620411 -0.08075672 -0.19360727 0.27350768 0.20317417 0.22063313 -0.03416849
1.13802557 1.81341899 1.32806607 -0.10794816 0.27953166 0.51759119 -1.10753002 -2.75758671 -1.10356858
-0.16570197 -0.70868181 0.51258759 0.38955445 0.84923401 -0.37461757 -0.29309874 -0.43479628 0.22552033
0.23220636 -0.04691667 -0.10666510 0.32541628 -0.49515106 0.57332185 -0.81095133 0.39549156 -0.06675188
0.86811965 1.15781389 -0.61440462 -0.16589709 0.13416740 -0.19823720 -0.41727098 0.64047440 -1.40476545
-0.00553457 -0.07414464 -0.18014492 0.56432434 -0.14355543 0.06337274 0.64768643 -0.59920882 -0.27279514
-0.40900699 -0.78897226 -0.93534536 0.00842117 -1.14976371 -0.25063207 1.28440918 0.71233445 1.52855559
0.21002934 0.53980534 -0.04932554 -0.05846833 -0.52245532 -0.09843101 -0.14771850 0.12214635 0.00441767
-0.20260271 0.24155578 0.07081370 -0.57207146 -0.70349924 -0.97245066 0.79872897 0.73038021 0.60914542
0.28487228 -0.35873367 -0.04846665 0.39205025 -0.79260544 -0.10041912 0.67472825 -0.19796100 0.14653511
0.15219930 -0.62127939 0.29928078 0.26668763 -0.82803573 0.53122332 0.32737050 -0.08248066 -0.04496575
0.02107336 0.38026384 0.22619463 -0.29433345 0.29943610 -0.13047768 0.98597824 -0.32834744 -1.15978760
-0.58215773 -0.11500490 0.21389642 1.03029651 -0.66507001 -0.21468260 0.33305694 -0.18411415 0.18377951
0.07768354 0.33888237 0.16384460 -1.17679468 1.09732998 -0.17616034 0.36133684 -0.48157521 -0.20454710
0.06347446 -0.47289643 -0.73066668 1.16401726 1.48470564 0.70936530 -1.29970203 -0.40577123 -0.51252628
0.21313207 -0.95114944 0.09958074 0.44429602 0.69900447 0.09345858 0.21906083 -0.42545480 -0.39192848
-0.10269725 0.17317631 0.34494974 0.40537769 -0.08443623 -0.52827983 -0.31861713 -0.43878372 0.54931043
-0.37292342 1.15692167 -0.24017371 0.44955582 0.38436702 0.38282097 -0.55267160 -0.47582042 -0.73207632
0.62628043 -0.36100607 0.17583563 -0.10536249 0.05408606 0.29697052 -0.10753220 0.79905064 -1.37832252
0.97101069 -0.04584742 0.99414960 -1.57876751 -2.17424942 -2.17853780 1.00953555 1.22180731 1.78089900
-0.14266361 -0.87121957 0.46704733 0.07559791 0.25857066 -0.15278856 0.40510737 -0.22092204 0.18127051
-0.13251485 -0.15843421 0.08133437 0.01043440 0.02010377 0.48450944 -0.06178605 -0.17439956 -0.06924731
-0.74785544 0.38320705 -0.50365238 -0.74605755 0.20937205 0.42227753 -0.19797958 0.82636778 0.35432054
-0.22121890 -0.08823408 0.81460347 -0.18466384 -1.19234907 -0.99120685 0.18526996 0.74821690 0.92958242
-0.37332082 0.24026920 -0.25379378 0.19243011 0.87017153 0.12651311 -0.27765051 0.18966185 -0.71428070
0.31535124 0.01969679 0.20804741 0.44066605 0.43187593 0.42975305 -0.70877606 -0.55519394 -0.58142048
0.45800393 -0.07684541 0.31554312 0.01709029 -0.55255341 0.49552336 -1.01222039 0.09537967 0.26007884
-1.06792140 -1.10622411 -2.08654382 -1.61813833 -2.58501477 -2.00037765 3.10933262 3.71323013 3.64165732
-0.53192107 1.03357564 0.35025835 -1.08442423 0.71331812 -0.42116588 -0.33321128 -0.27809598 0.55166633
0.25327496 0.80525731 -0.32259570 -0.06525419 0.40754412 0.02078694 -0.00356396 -0.17639781 -0.91905168
0.20126421 -0.26844528 0.43604244 0.47271767 0.13864142 -0.48161839 -0.13212739 0.26827177 -0.63474644
-0.82928935 -0.24952994 -0.08895212 0.61744213 0.35024388 -0.21029347 0.58195976 -0.64024144 0.46866056
0.27458004 0.17288783 0.31504385 -0.76624385 -0.10408211 -0.33041781 -0.70111256 0.27079912 0.86854551
-0.49515961 0.45599258 1.12561739 -0.46852257 -0.79838648 -0.11330728 -0.00186455 -0.13713094 0.43276147
0.10039991 0.86144177 0.67204356 -2.19806631 -2.03801622 -0.63614426 0.18652906 1.38508023 1.66673228
0.51669602 -0.63853060 0.32515110 -0.06369238 -0.66600597 0.22274420 -0.70793945 0.20476658 0.80681051
-0.50934334 -0.45217190 -1.13879316 -0.28478014 -0.44373019 0.11831761 0.35065196 1.46368881 0.89616035
0.36763161 0.01261738 0.34446693 -0.10195530 -1.02658554 -1.13310165 0.41812736 0.42802260 0.69077661
0.17120867 0.51789835 0.37710638 -0.09327398 0.39693358 0.94065973 -0.53935493 -0.95918554 -0.81199226
-1.52323021 -1.15719853 -0.69550961 -0.69083513 -0.95547400 -0.39425468 1.66566944 0.96869724 2.78213548
1.03396437 0.65111422 0.85151245 1.34705084 1.27128407 0.89079800 -1.95575408 -1.80651932 -2.28345056
-0.11367104 -0.02923152 -0.14399800 -0.14347813 0.61923844 0.64562928 0.16406591 -0.61622496 -0.38232998
-0.20776975 0.40466895 -0.00621484 0.71578662 -0.02109614 0.56240523 -0.76640617 -0.40202146 -0.27935243
-0.47540630 -0.06298306 0.66724886 0.51859278 -0.24596605 0.11457481 0.33830672 0.34282128 -1.19718905
-0.16516557 -0.04502063 0.30647629 -0.58448246 0.28248102 -0.08036327 -0.19101726 0.25503518 0.22205670
0.69312713 0.48315912 0.60219758 -0.17021310 0.38767015 0.11836965 -0.41257162 -0.85902100 -0.84271791
0.88872275 1.54890075 0.09988387 -1.66189954 -1.28628316 -1.52448693 1.06954494 -0.21372654 1.07934387
0.88272016 0.84414048 0.67536740 -2.07223113 -2.35171390 -2.01045572 0.93966915 1.04759875 2.04490482
0.51658463 0.97406677 1.18134891 -0.97561023 -1.05726965 -1.26295007 -0.28376197 0.30128705 0.60630456
0.65817261 -0.21232140 -0.29132492 0.58140569 0.33079513 -0.86667387 0.33748825 0.10206037 -0.63960186
-0.10254259 0.77446182 -0.64807496 -0.10320512 0.94171701 -0.13863347 -0.21726994 -0.32298643 -0.18346630
-0.35813058 0.88127205 0.06926266 -0.03056364 0.03609090 0.20409582 -0.59512887 0.04175528 -0.24865363
0.07104965 0.72931303 0.62166354 -0.28895893 -0.42360733 -1.22237970 0.10800821 0.69325362 -0.28834208
0.49066670 0.42713759 -0.00437594 -0.16759668 -1.11123682 -0.39952865 0.76429825 0.46559998 -0.46496442
-0.43197109 0.25287639 -0.00877551 -0.28431034 -0.29854301 0.43252100 -0.07278615 0.88550483 -0.47451613
0.41196269 0.09277974 1.11136294 -0.81215061 -0.08786143 -0.15078644 0.42583913 -0.63837294 -0.35277309
-0.13845759 -0.65980459 0.18933960 -0.49303461 -0.24434799 0.27550289 0.03084046 0.23745368 0.80250817
-0.05566682 0.51481611 0.68954647 -0.62398819 -0.09971457 0.50309205 -0.20054154 0.01685350 -0.74439701
0.05400989 1.51995632 -1.03733412 0.18652461 0.27227490 0.54504697 -0.72313976 -0.23803708 -0.57930173
-0.43217526 0.72778179 0.24713983 -0.32636839 -0.34825496 -0.13338488 -0.23303128 0.79441754 -0.29612440
0.27403740 -0.07965785 0.49144505 -0.94862860 0.64525254 -0.22125448 0.23821835 -0.16848215 -0.23093026
0.18558461 -0.09522088 -0.28258597 0.19264386 0.58182372 -0.55957879 -0.14738242 0.17296886 -0.04825299
-0.18044837 0.02678095 -0.17664580 -0.39813073 0.94007868 0.06207928 -0.49043100 0.46395294 -0.24723595
0.25818278 0.39614410 0.65706267 -0.02127881 -1.10402974 0.28445273 -0.82515739 0.58403062 -0.22940696
0.52553158 0.43617913 -0.28186102 -0.23119478 -0.53382748 0.83499769 -1.57480076 0.29732374 0.52765190
0.43080116 0.63795770 0.95307305 -1.33829059 -0.62972132 -1.37199257 0.70211463 -0.59546651 1.21152444
0.27716459 0.59905923 0.33574133 -0.93054333 -0.10999890 0.04779588 0.05365269 -0.53639380 0.26352233
0.30630774 0.15366049 0.08804863 -0.63164224 0.32623877 -0.89629812 0.69066391 0.01515578 -0.05213495
-0.73086224 0.00695033 -0.38795347 -0.42797463 0.51797980 0.44629702 -0.49511320 0.70765292 0.36302346
-0.40707039 0.64904269 -0.65372680 0.73724631 -0.87822949 0.70063172 0.38020367 0.12714262 -0.65524032
0.80658648 1.66648806 -1.22245777 -0.47725472 -0.90042001 -0.42408998 0.34005131 0.14335355 0.06774308
0.20159139 -0.26604880 -0.25029756 0.72915115 0.70958152 0.04539536 -0.84254826 -0.18964544 -0.13717936
1.43401603 0.72890149 1.19786062 0.33503325 0.93218237 1.39670031 -2.23188507 -1.93391434 -1.85889466
-0.19813987 -0.04902260 -0.52341127 0.46902628 0.62206428 -0.74673872 0.52150331 0.36549464 -0.46077604
-0.03851379 -0.48412069 0.03419562 0.25685175 0.15244219 -0.27345373 -0.77782020 0.22228684 0.90813202
0.17317300 0.41488656 0.33452759 -0.28149922 0.44853545 0.21351119 0.12725626 -1.08366985 -0.34672099
0.04401078 0.19363560 -0.14731813 0.38005417 0.83477752 -0.13283318 0.35171866 -1.02901868 -0.49502673
-0.04586690 0.50050553 -0.13277728 0.13311426 -0.95265741 -0.05470353 -0.27413203 -0.19979779 1.02631516
-0.34653384 -0.32118954 0.80633030 -0.38700632 -0.61863997 -0.64063783 0.53153804 0.53686342 0.43927573
1.19699239 -0.60640626 0.15369345 0.74987223 -0.16025922 -0.58024751 0.26692030 -0.79397668 -0.22658868
1.36139154 1.74419717 1.36119690 0.82064432 0.49934576 1.22415610 -2.57750187 -1.80629935 -2.62713058
-0.30302841 -0.06478153 0.06560502 0.83644494 -0.30566473 0.51953513 -0.11001850 -0.70041827 0.06232635
0.65473489 -0.41291512 0.91107073 -0.54957989 -0.99313711 0.13910548 -0.09392032 0.17786087 0.16678048
-0.16656585 -0.38982301 0.19827963 0.80322214 -0.56151379 0.11241244 0.38040566 0.14622079 -0.52263801
0.84574833 -0.28601007 -0.50474946 -0.27183468 0.29555958 -0.15706362 -0.12886054 -0.16342578 0.37063624
-0.41718551 0.07523197 -0.45021934 -0.04287398 -0.09923834 0.48701643 -0.27390971 0.65231565 0.06886283
-1.00084156 -0.10373384 0.27873461 -0.51293705 0.17488261 0.07289906 0.18502274 0.51904112 0.38693231
0.38450374 0.37336722 -0.43225449 -0.36412801 -0.46482015 0.40464976 -0.14211633 1.13351552 -0.89271727
0.33127466 -0.11291759 -0.31961694 -0.27887859 -0.42710985 0.07672624 -0.14539616 0.12415317 0.75176505
-0.29781964 0.18727891 0.42177301 0.54823299 -0.12124559 0.22630997 -0.44055201 -0.07529742 -0.44868022
-0.50858311 0.18884451 -0.19117109 0.21232400 -0.28257325 0.44642727 -0.29021289 0.13136460 0.29357995
-1.10020800 -0.33173287 -1.14257477 0.49652108 -0.05838605 -0.05127347 0.45232048 0.45932467 1.27600893
0.04153745 0.09220465 1.18571049 0.23279164 -0.41339546 -0.42401492 -0.46540511 -0.46483593 0.21540719
-0.15111479 1.34408879 0.98345475 -2.08883769 -1.92819432 -1.10009999 1.75916838 -0.31940629 1.50094118
-0.42425410 -0.68640209 0.50806433 -0.04376029 -0.10587224 -0.58975489 0.01857228 -0.01673848 1.34014548
-0.60031895 -0.13872063 -0.83816244 -0.89448403 -0.29473805 -0.20595217 0.41336886 1.38641668 1.17259072
0.31665000 -0.28645171 -0.06430080 -0.00715383 0.51286358 -0.72907163 -0.20899249 0.08318744 0.38326944
0.25826150 1.03560469 -0.40835081 -0.12510052 -0.82967036 -1.06848516 0.47163217 0.51082909 0.15527940
-0.18529185 -0.15269772 0.05550606 0.27952182 -0.34226609 -0.48186261 -0.16855828 0.27192620 0.72372247
1.16382152 0.36344095 1.27027981 -1.42139855 -1.94266395 -2.51822987 0.93969146 1.13064020 1.01441844
0.71923121 0.03322068 -0.59357637 0.72614018 -0.46952773 -0.17527713 -0.45638007 0.15193901 0.06423021
-0.43719490 -0.27712546 -0.22259810 0.22059788 0.84336890 -0.38253785 -0.14376513 0.29957306 0.09968160
-0.60894417 0.75540714 0.86499932 -0.31411660 -0.42381579 -0.31354809 -0.17308497 0.10809379 0.10500937
-1.17529102 -0.66635282 -0.01776928 0.52390802 0.18192751 0.75622125 -0.65913025 0.26811475 0.78837184
0.13760630 -1.03415236 -0.26681483 -0.17229710 0.04892545 0.22853402 0.15361381 0.02031390 0.88427081
0.23458208 -0.16236333 0.44919353 -0.23946771 0.97248576 -0.58115294 -0.00142005 -0.51415460 -0.15770274
0.39142564 -0.28062887 -0.66797111 -0.44106527 -0.09913089 0.24424079 0.74045317 0.31858639 -0.20590984
